00110011111111110000000000000000
00100011111000000000000000000010
00100011111000010000000000000011
00100011111000100000000000000010
00100011111000110000000000000001
00000000000000010000000000100110
00000000000000010000100000100110
00000000000000010000000000100110
00000000001000000000100000100001
00000000010000110001000000100011
00010100010111111111111111111010
10100011111000010000000000000000
00110000001000010000000000000000
00001000000000000000000000010000
00100000001000010000000000001001
10101010101010101010101010101010
10000011111000010000000000000000
00000000001000010000100000100001
10101010101010101010101010101010
10101010101010101010101010101010
10101010101010101010101010101010
10101010101010101010101010101010
11111111111111111111111111111111
